-005012
-105012
-005112
-105112
-005212
-105212
-005312
-105312
-005412
-105412
-005712
-105712
-006200
-106200
-006300
-106300
-006000
-106000
-006100
-106100
-000300
-005500
-105500
-005600
-105600
-006700
-011221
-111221
-021221
-121221
-061221
-161221
-031221
-130000
-040000
-140000
-050000
-150000
-000400
-001000
-001400
-100000
-100400
-102000
-102400
-103000
-103400
-002000
-002400
-003000
-003400
-101000
-101400
-000100
-004000
-000200
-104000
-000002
-000000
-000001
-000005
-000241
-000242
-000244
-000250
-000257
-000261
=456789
-1
-000262
-000264
-000270
-000277
-000240
-070000
-071000
-072000
-073000
-074000
=234567
+1

