-005000
-105000
-005100
-105100
-005200
-105200
-005300
-105300
-005400
-105400
-005700
-105700
-006200
-106200
-006300
-106300
-006000
-106000
-006100
-106100
-000300
-005500
-105500
-005600
-105600
-006700
-010000
-110000
-020000
-120000
-060000
-160000
-030000
-130000
-040000
-140000
-050000
-150000
-000400
-001000
-001400
-100000
-100400
-102000
-102400
-103000
-103400
-002000
-002400
-003000
-003400
-101000
-101400
-000100
-004000
-000200
-104000
-000002
-000000
-000001
-000005
-000241
-000242
-000244
-000250
-000257
-000261
-000262
-000264
-000270
-000277
-000240
-070000
-071000
-072000
-073000
-074000

